function [theta_intervals, coeffs] = computeThetaInterval(A1, B1, A2, B2, A3, B3, obs)
% tic
% deriveUniqueSol();
    

% A1=params(1);B1=params(2);A2=params(3);B2=params(4);A3=params(5);B3=params(6); 


a1 = obs(1);
b1 = obs(2);
c1 = obs(3);
% d1

% innerPt = 0.9999*obs;     % short candidate interval
% innerPt = 0.9995*obs; 
innerPt = 0.999*obs; 
% innerPt = 0.995*obs; 
% innerPt = 0.99*obs;        % long candidate interval
innerPt_x = innerPt(1);
innerPt_y = innerPt(2);
innerPt_z = innerPt(3);
d1 = -(a1*innerPt_x+b1*innerPt_y+c1*innerPt_z);




%% define delta and compute theta
a_poly_coeff = (16*A1^2*A2^2*c1^2*d1^2 - 16*A1^2*A2^2*c1^4 - 16*A1^2*A2^2*b1^2*c1^2 + 32*A1^2*A2*A3*b1^3*c1 + 32*A1^2*A2*A3*b1*c1^3 - 32*A1^2*A2*A3*b1*c1*d1^2 - 16*A1^2*A3^2*b1^4 - 16*A1^2*A3^2*b1^2*c1^2 + 16*A1^2*A3^2*b1^2*d1^2 + 32*A1*A2^3*a1*b1*c1^2 - 64*A1*A2^2*A3*a1*b1^2*c1 + 32*A1*A2^2*A3*a1*c1^3 + 32*A1*A2*A3^2*a1*b1^3 - 64*A1*A2*A3^2*a1*b1*c1^2 + 32*A1*A3^3*a1*b1^2*c1 - 16*A2^4*a1^2*c1^2 - 16*A2^4*c1^4 + 16*A2^4*c1^2*d1^2 + 32*A2^3*A3*a1^2*b1*c1 + 64*A2^3*A3*b1*c1^3 - 32*A2^3*A3*b1*c1*d1^2 - 16*A2^2*A3^2*a1^2*b1^2 - 16*A2^2*A3^2*a1^2*c1^2 - 96*A2^2*A3^2*b1^2*c1^2 + 16*A2^2*A3^2*b1^2*d1^2 + 16*A2^2*A3^2*c1^2*d1^2 + 32*A2*A3^3*a1^2*b1*c1 + 64*A2*A3^3*b1^3*c1 - 32*A2*A3^3*b1*c1*d1^2 - 16*A3^4*a1^2*b1^2 - 16*A3^4*b1^4 + 16*A3^4*b1^2*d1^2 + 16*B1^2*B2^2*b1^2*c1^2 + 16*B1^2*B2^2*c1^4 - 16*B1^2*B2^2*c1^2*d1^2 - 32*B1^2*B2*B3*b1^3*c1 - 32*B1^2*B2*B3*b1*c1^3 + 32*B1^2*B2*B3*b1*c1*d1^2 + 16*B1^2*B3^2*b1^4 + 16*B1^2*B3^2*b1^2*c1^2 - 16*B1^2*B3^2*b1^2*d1^2 - 32*B1*B2^3*a1*b1*c1^2 + 64*B1*B2^2*B3*a1*b1^2*c1 - 32*B1*B2^2*B3*a1*c1^3 - 32*B1*B2*B3^2*a1*b1^3 + 64*B1*B2*B3^2*a1*b1*c1^2 - 32*B1*B3^3*a1*b1^2*c1 + 16*B2^4*a1^2*c1^2 + 16*B2^4*c1^4 - 16*B2^4*c1^2*d1^2 - 32*B2^3*B3*a1^2*b1*c1 - 64*B2^3*B3*b1*c1^3 + 32*B2^3*B3*b1*c1*d1^2 + 16*B2^2*B3^2*a1^2*b1^2 + 16*B2^2*B3^2*a1^2*c1^2 + 96*B2^2*B3^2*b1^2*c1^2 - 16*B2^2*B3^2*b1^2*d1^2 - 16*B2^2*B3^2*c1^2*d1^2 - 32*B2*B3^3*a1^2*b1*c1 - 64*B2*B3^3*b1^3*c1 + 32*B2*B3^3*b1*c1*d1^2 + 16*B3^4*a1^2*b1^2 + 16*B3^4*b1^4 - 16*B3^4*b1^2*d1^2);
b_poly_coeff = (4*A1^2*A2^2*c1^2*d1^2 - 4*A1^2*A2^2*c1^4 - 4*A1^2*A2^2*b1^2*c1^2 + 8*A1^2*A2*A3*b1^3*c1 + 8*A1^2*A2*A3*b1*c1^3 - 8*A1^2*A2*A3*b1*c1*d1^2 - 4*A1^2*A3^2*b1^4 - 4*A1^2*A3^2*b1^2*c1^2 + 4*A1^2*A3^2*b1^2*d1^2 + 4*A1^2*B2^2*b1^2*c1^2 + 4*A1^2*B2^2*c1^4 - 4*A1^2*B2^2*c1^2*d1^2 - 8*A1^2*B2*B3*b1^3*c1 - 8*A1^2*B2*B3*b1*c1^3 + 8*A1^2*B2*B3*b1*c1*d1^2 + 4*A1^2*B3^2*b1^4 + 4*A1^2*B3^2*b1^2*c1^2 - 4*A1^2*B3^2*b1^2*d1^2 + 8*A1*A2^3*a1*b1*c1^2 - 16*A1*A2^2*A3*a1*b1^2*c1 + 8*A1*A2^2*A3*a1*c1^3 + 8*A1*A2*A3^2*a1*b1^3 - 16*A1*A2*A3^2*a1*b1*c1^2 + 16*A1*A2*B1*B2*b1^2*c1^2 + 16*A1*A2*B1*B2*c1^4 - 16*A1*A2*B1*B2*c1^2*d1^2 - 16*A1*A2*B1*B3*b1^3*c1 - 16*A1*A2*B1*B3*b1*c1^3 + 16*A1*A2*B1*B3*b1*c1*d1^2 - 24*A1*A2*B2^2*a1*b1*c1^2 + 32*A1*A2*B2*B3*a1*b1^2*c1 - 16*A1*A2*B2*B3*a1*c1^3 - 8*A1*A2*B3^2*a1*b1^3 + 16*A1*A2*B3^2*a1*b1*c1^2 + 8*A1*A3^3*a1*b1^2*c1 - 16*A1*A3*B1*B2*b1^3*c1 - 16*A1*A3*B1*B2*b1*c1^3 + 16*A1*A3*B1*B2*b1*c1*d1^2 + 16*A1*A3*B1*B3*b1^4 + 16*A1*A3*B1*B3*b1^2*c1^2 - 16*A1*A3*B1*B3*b1^2*d1^2 + 16*A1*A3*B2^2*a1*b1^2*c1 - 8*A1*A3*B2^2*a1*c1^3 - 16*A1*A3*B2*B3*a1*b1^3 + 32*A1*A3*B2*B3*a1*b1*c1^2 - 24*A1*A3*B3^2*a1*b1^2*c1 - 4*A2^4*a1^2*c1^2 - 4*A2^4*c1^4 + 4*A2^4*c1^2*d1^2 + 8*A2^3*A3*a1^2*b1*c1 + 16*A2^3*A3*b1*c1^3 - 8*A2^3*A3*b1*c1*d1^2 - 4*A2^2*A3^2*a1^2*b1^2 - 4*A2^2*A3^2*a1^2*c1^2 - 24*A2^2*A3^2*b1^2*c1^2 + 4*A2^2*A3^2*b1^2*d1^2 + 4*A2^2*A3^2*c1^2*d1^2 + 4*A2^2*B1^2*b1^2*c1^2 + 4*A2^2*B1^2*c1^4 - 4*A2^2*B1^2*c1^2*d1^2 - 24*A2^2*B1*B2*a1*b1*c1^2 + 16*A2^2*B1*B3*a1*b1^2*c1 - 8*A2^2*B1*B3*a1*c1^3 + 24*A2^2*B2^2*a1^2*c1^2 + 24*A2^2*B2^2*c1^4 - 24*A2^2*B2^2*c1^2*d1^2 - 24*A2^2*B2*B3*a1^2*b1*c1 - 48*A2^2*B2*B3*b1*c1^3 + 24*A2^2*B2*B3*b1*c1*d1^2 + 4*A2^2*B3^2*a1^2*b1^2 + 4*A2^2*B3^2*a1^2*c1^2 + 24*A2^2*B3^2*b1^2*c1^2 - 4*A2^2*B3^2*b1^2*d1^2 - 4*A2^2*B3^2*c1^2*d1^2 + 8*A2*A3^3*a1^2*b1*c1 + 16*A2*A3^3*b1^3*c1 - 8*A2*A3^3*b1*c1*d1^2 - 8*A2*A3*B1^2*b1^3*c1 - 8*A2*A3*B1^2*b1*c1^3 + 8*A2*A3*B1^2*b1*c1*d1^2 + 32*A2*A3*B1*B2*a1*b1^2*c1 - 16*A2*A3*B1*B2*a1*c1^3 - 16*A2*A3*B1*B3*a1*b1^3 + 32*A2*A3*B1*B3*a1*b1*c1^2 - 24*A2*A3*B2^2*a1^2*b1*c1 - 48*A2*A3*B2^2*b1*c1^3 + 24*A2*A3*B2^2*b1*c1*d1^2 + 16*A2*A3*B2*B3*a1^2*b1^2 + 16*A2*A3*B2*B3*a1^2*c1^2 + 96*A2*A3*B2*B3*b1^2*c1^2 - 16*A2*A3*B2*B3*b1^2*d1^2 - 16*A2*A3*B2*B3*c1^2*d1^2 - 24*A2*A3*B3^2*a1^2*b1*c1 - 48*A2*A3*B3^2*b1^3*c1 + 24*A2*A3*B3^2*b1*c1*d1^2 - 4*A3^4*a1^2*b1^2 - 4*A3^4*b1^4 + 4*A3^4*b1^2*d1^2 + 4*A3^2*B1^2*b1^4 + 4*A3^2*B1^2*b1^2*c1^2 - 4*A3^2*B1^2*b1^2*d1^2 - 8*A3^2*B1*B2*a1*b1^3 + 16*A3^2*B1*B2*a1*b1*c1^2 - 24*A3^2*B1*B3*a1*b1^2*c1 + 4*A3^2*B2^2*a1^2*b1^2 + 4*A3^2*B2^2*a1^2*c1^2 + 24*A3^2*B2^2*b1^2*c1^2 - 4*A3^2*B2^2*b1^2*d1^2 - 4*A3^2*B2^2*c1^2*d1^2 - 24*A3^2*B2*B3*a1^2*b1*c1 - 48*A3^2*B2*B3*b1^3*c1 + 24*A3^2*B2*B3*b1*c1*d1^2 + 24*A3^2*B3^2*a1^2*b1^2 + 24*A3^2*B3^2*b1^4 - 24*A3^2*B3^2*b1^2*d1^2 - 4*B1^2*B2^2*b1^2*c1^2 - 4*B1^2*B2^2*c1^4 + 4*B1^2*B2^2*c1^2*d1^2 + 8*B1^2*B2*B3*b1^3*c1 + 8*B1^2*B2*B3*b1*c1^3 - 8*B1^2*B2*B3*b1*c1*d1^2 - 4*B1^2*B3^2*b1^4 - 4*B1^2*B3^2*b1^2*c1^2 + 4*B1^2*B3^2*b1^2*d1^2 + 8*B1*B2^3*a1*b1*c1^2 - 16*B1*B2^2*B3*a1*b1^2*c1 + 8*B1*B2^2*B3*a1*c1^3 + 8*B1*B2*B3^2*a1*b1^3 - 16*B1*B2*B3^2*a1*b1*c1^2 + 8*B1*B3^3*a1*b1^2*c1 - 4*B2^4*a1^2*c1^2 - 4*B2^4*c1^4 + 4*B2^4*c1^2*d1^2 + 8*B2^3*B3*a1^2*b1*c1 + 16*B2^3*B3*b1*c1^3 - 8*B2^3*B3*b1*c1*d1^2 - 4*B2^2*B3^2*a1^2*b1^2 - 4*B2^2*B3^2*a1^2*c1^2 - 24*B2^2*B3^2*b1^2*c1^2 + 4*B2^2*B3^2*b1^2*d1^2 + 4*B2^2*B3^2*c1^2*d1^2 + 8*B2*B3^3*a1^2*b1*c1 + 16*B2*B3^3*b1^3*c1 - 8*B2*B3^3*b1*c1*d1^2 - 4*B3^4*a1^2*b1^2 - 4*B3^4*b1^4 + 4*B3^4*b1^2*d1^2);
